11
13
11
10
11
12
9
11
11
11
10
10
11
10
10
10
10
11
11
10
11
11
11
11
10
10
10
10
10
11
11
10
10
10
10
10
10
10
11
10
10
21
36
9
11
10
10
11
10
9
9
9
10
9
19
9
10
33
31
34
13
7
10
10
9
10
10
11
9
9
12
10
10
10
12
10
10
9
9
9
10
9
8
9
10
10
11
10
10
10
10
12
23
7
6
7
8
6
10
10
9
10
10
8
7
8
8
10
11
10
9
9
10
9
8
8
7
7
7
7
7
7
7
8
6
6
6
7
9
9
8
9
10
8
8
7
7
8
8
9
10
8
9
10
9
8
8
8
9
9
10
11
10
10
8
9
11
8
9
8
7
7
8
8
10
7
7
9
8
9
7
8
10
8
8
6
8
7
8
8
8
10
8
8
16
10
17
9
9
20
9
16
9
8
9
8
8
8
8
8
9
11
9
9
18
9
10
9
9
8
8
9
9
10
9
10
9
9
9
9
9
9
9
11
9
10
11
10
9
10
9
9
10
9
9
8
7
7
9
9
8
10
12
10
10
9
10
9
9
8
8
7
8
7
11
7
7
6
7
7
7
7
7
6
